 rhoin =   0.99999736388170612     
 uin =   0.79739951962494926     
 vin =    0.0000000000000000     
 Mach =   0.79739994223076427     
 ein =    2.0917040541069687     
 Tin =   0.99999894004079848     
 pin =   0.71322067594433392     
 aid =    347.27886484086071     
 acr =    316.88279491811261     
 AoA =    0.0000000000000000     
